##TITLE= Parameter file, TopSpin 4.0.9
##JCAMPDX= 5.0
##DATATYPE= Parameter Values
##NPOINTS= 40	$$ modification sequence number
##ORIGIN= Bruker BioSpin GmbH & Co. KG
##OWNER= monteg3
$$ 2026-01-22 19:12:19.547 -0500  ramelt2@MacBookPro-TR-work-2.local
$$ /Users/ramelt2/Library/CloudStorage/Box-Box/Montelione-Lab-Box/MPro_NMR_and_MS_data_and_analysis/MPro-Nirmatrelvir/Mohawk-600NMR-data/RGC_Nirmat-Mpro_in_buffer_2D-19F-noesy_2024-11-12/34/pdata/1/clevels
$$ process /opt/topspin4.0.9/prog/mod/dataserver
##$LEVELS= (0..255)
-2709980244.84744 -2258316869.80925 -1881930724.84104 -1568275604.48268
-1306896336.84466 -1089080281.15236 -907566900.9603 -756305750.127533 -630254792.221422
-525212326.178468 -437676938.706296 -364730782.479485 -303942318.732904
-253285265.610754 -211071054.675628 -175892546.011502 -146577121.003534
-122147601.508996 -101789667.475685 -84824723.5691212 -70687268.9682172
-58906057.2492753 -49088381.7137799 -40906984.3130051 -34089153.594171
-28407628.2193815 -23673023.5161513 -19727520.0452708 -16439600.2619647
-13699666.4364925 -11416389.1455552 -9513657.17281789 9513657.17281789
10940705.4796537 12581811.0325149 14469083.9655547 16639445.6858557 19135362.1351037
22005667.1953581 25306516.6019447 29102495.2358555 33467868.3776148 38488049.576061
44261256.8779267 50900444.871442 58535512.5439622 67315839.4255566 77413214.5994012
89025197.596572 102378977.101514 117735822.994024 135396196.308585 155705626.091231
179061470.206731 205920690.603197 236808793.722774 272330112.310288 313179629.08956
360156573.722081 414180060.789469 476307068.831542 547753129.089001 629916099.326883
724403513.822286 0 0 0 0 0 0 0 0 0 0 0 0 0 0 0 0 0 0 0 0 0 0 0 0 0 0 0
0 0 0 0 0 0 0 0 0 0 0 0 0 0 0 0 0 0 0 0 0 0 0 0 0 0 0 0 0 0 0 0 0 0 0 0
0 0 0 0 0 0 0 0 0 0 0 0 0 0 0 0 0 0 0 0 0 0 0 0 0 0 0 0 0 0 0 0 0 0 0 0
0 0 0 0 0 0 0 0 0 0 0 0 0 0 0 0 0 0 0 0 0 0 0 0 0 0 0 0 0 0 0 0 0 0 0 0
0 0 0 0 0 0 0 0 0 0 0 0 0 0 0 0 0 0 0 0 0 0 0 0 0 0 0 0 0 0 0 0 0 0 0 0
0 0 0 0 0 0 0 0 0 0 0 0 0 0 0 0 0 0 0 0 0
##$LEVSIGN= 3
##$MAXLEV= 60
##$METHOD= 0
##$NEGBASE= -707106.8
##$NEGINCR= 1.2
##$POSBASE= 707106.8
##$POSINCR= 1.15
##END=
