##TITLE= Parameter file, TopSpin 4.4.0
##JCAMPDX= 5.0
##DATATYPE= Parameter Values
##NPOINTS= 16	$$ modification sequence number
##ORIGIN= Bruker BioSpin GmbH & Co. KG
##OWNER= monteg3
$$ 2024-11-12 18:33:30.756 -0500  monteg3@mohawk.biotech.rpi.edu
$$ /opt/nmrdata/data/monteg3/RGC_Nirmat-Mpro_in_buffer_2D-19F-noesy/35/pdata/1/clevels
$$ process /opt/topspin4.4.0/prog/mod/dataserver
##$LEVELS= (0..255)
-1535675583 -1279729652.5 -1066441377.1 -888701147.6 -740584289.6 -617153574.7
-514294645.6 -428578871.3 -357149059.4 -297624216.2 -248020180.2 -206683483.5
-172236236.2 -143530196.9 -119608497.4 -99673747.8 -83061456.5 -69217880.4
-57681567 -48067972.5 -40056643.8 -33380536.5 -27817113.7 -23180928.1 -19317440.1
-16097866.7 -13414888.9 -11179074.1 -9315895.1 -7763245.9 -6469371.6 -5391143
5391143 6199814.4 7129786.6 8199254.6 9429142.8 10843514.2 12470041.4 14340547.6
16491629.7 18965374.1 21810180.3 25081707.3 28843963.4 33170557.9 38146141.6
43868062.8 50448272.3 58015513.1 66717840.1 76725516.1 88234343.5 101469495
116689919.3 134193407.2 154322418.2 177470781 204091398.1 234705107.9 269910874
310397505.1 356957130.9 410500700.5 0 0 0 0 0 0 0 0 0 0 0 0 0 0 0 0 0 0
0 0 0 0 0 0 0 0 0 0 0 0 0 0 0 0 0 0 0 0 0 0 0 0 0 0 0 0 0 0 0 0 0 0 0 0
0 0 0 0 0 0 0 0 0 0 0 0 0 0 0 0 0 0 0 0 0 0 0 0 0 0 0 0 0 0 0 0 0 0 0 0
0 0 0 0 0 0 0 0 0 0 0 0 0 0 0 0 0 0 0 0 0 0 0 0 0 0 0 0 0 0 0 0 0 0 0 0
0 0 0 0 0 0 0 0 0 0 0 0 0 0 0 0 0 0 0 0 0 0 0 0 0 0 0 0 0 0 0 0 0 0 0 0
0 0 0 0 0 0 0 0 0 0 0 0 0 0 0 0 0 0 0 0 0 0 0 0 0 0 0 0 0 0
##$LEVSIGN= 3
##$MAXLEV= 50
##$METHOD= 0
##$NEGBASE= -5391143
##$NEGINCR= 1.2
##$POSBASE= 5391143
##$POSINCR= 1.15
##END=
