##TITLE= Parameter file, TopSpin 4.0.9
##JCAMPDX= 5.0
##DATATYPE= Parameter Values
##NPOINTS= 88	$$ modification sequence number
##ORIGIN= Bruker BioSpin GmbH & Co. KG
##OWNER= monteg3
$$ 2026-01-22 19:09:58.380 -0500  ramelt2@MacBookPro-TR-work-2.local
$$ /Users/ramelt2/Library/CloudStorage/Box-Box/Montelione-Lab-Box/MPro_NMR_and_MS_data_and_analysis/MPro-Nirmatrelvir/Mohawk-600NMR-data/RGC_Nirmat-Mpro_in_buffer_2D-19F-noesy_2024-11-12/31/pdata/1/clevels
$$ process /opt/topspin4.0.9/prog/mod/dataserver
##$LEVELS= (0..255)
-5354708707.13985 -4462257527.2593 -3718546854.14506 -3098789316.43031
-2582324159.04917 -2151936799.20764 -1793280937.31579 -1494400796.67508
-1245333997.23194 -1037778331.03476 -864815275.865012 -720679396.548751
-600566163.796052 -500471803.152524 -417059835.96315 -347549863.302625
-289624886.080094 -241354071.744264 -201128393.117507 -167606994.267302
-139672495.214613 -116393746.02303 -96994788.3443855 -80828990.2924141
-67357491.9130582 -56131243.2527425 -46776036.0548045 -38980030.0321049
-32483358.3682267 -27069465.3068556 -22557887.7475737 -18798239.795071
18798239.795071 21617975.759448 24860672.1347602 28589772.9525325 32878238.8889009
37809974.7320032 43481470.9287808 50003691.5729815 57504245.3146262 66129882.1012391
76049364.4237503 87456769.0816154 100575284.451183 115661577.113163 133010813.676068
152962435.727478 175906801.097995 202292821.259438 232636744.441029 267532256.104741
307662094.531847 353811408.704299 406883120.012386 467915588.014243 538102926.215566
618818365.147901 711641119.929039 818387287.907814 941145381.093172 1082317188.26692
1244664766.49719 1431364481.48234 0 0 0 0 0 0 0 0 0 0 0 0 0 0 0 0 0 0 0
0 0 0 0 0 0 0 0 0 0 0 0 0 0 0 0 0 0 0 0 0 0 0 0 0 0 0 0 0 0 0 0 0 0 0 0
0 0 0 0 0 0 0 0 0 0 0 0 0 0 0 0 0 0 0 0 0 0 0 0 0 0 0 0 0 0 0 0 0 0 0 0
0 0 0 0 0 0 0 0 0 0 0 0 0 0 0 0 0 0 0 0 0 0 0 0 0 0 0 0 0 0 0 0 0 0 0 0
0 0 0 0 0 0 0 0 0 0 0 0 0 0 0 0 0 0 0 0 0 0 0 0 0 0 0 0 0 0 0 0 0 0 0 0
0 0 0 0 0 0 0 0 0 0 0 0 0 0 0 0 0 0 0 0 0 0 0 0 0 0 0 0 0
##$LEVSIGN= 3
##$MAXLEV= 60
##$METHOD= 0
##$NEGBASE= -115478480.2
##$NEGINCR= 1.2
##$POSBASE= 115478480.2
##$POSINCR= 1.15
##END=
