49
4 0 0
0 0 2
6085.2 2.93913e+10 6222
6318.36 1.4236e+10 7141
0.05 0 0
0 0 2
6090.76 -2.65773e+10 6254
6322.68 -1.33315e+10 9365
0.1 0 0
0 0 2
6086.34 -2.62348e+10 6247
6315.9 -1.28454e+10 7275
0.25 0 0
0 0 2
6088.87 -2.00836e+10 6234
6318 -1.09405e+10 0
0.5 0 0
0 0 2
6090 -1.20279e+10 0
6318 -6.23733e+09 0
1 0 0
0 0 2
6090 -2.79214e+08 0
6318 6.36836e+07 0
2 0 0
0 0 2
6090 1.61049e+10 0
6318 7.93384e+09 0
3 0 0
0 0 2
6086.25 2.37942e+10 6230
6315.07 1.19512e+10 8210
4 0 0
0 0 2
6085.57 2.84017e+10 6256
6318 1.37673e+10 0
8 0 0
0 0 2
6090 3.22455e+10 0
6318 1.62079e+10 0
14 0 0
0 0 2
6088.76 3.36334e+10 6240
6318.31 1.67653e+10 11608
20 0 0
0 0 2
6088.46 3.35861e+10 6249
6313.9 1.65088e+10 6694
-1 0 0
