49
4 0 0
0 0 2
6085.2 2.64476e+08 6222
6318.36 1.51288e+08 7141
0.05 0 0
0 0 2
6090.76 -2.45511e+08 6254
6322.68 -1.408e+08 9365
0.1 0 0
0 0 2
6086.34 -2.44063e+08 6247
6315.9 -1.38156e+08 7275
0.25 0 0
0 0 2
6088.87 -1.89717e+08 6234
6318 0 0
0.5 0 0
0 0 2
6090 0 0
6318 0 0
1 0 0
0 0 2
6090 0 0
6318 0 0
2 0 0
0 0 2
6090 0 0
6318 0 0
3 0 0
0 0 2
6086.25 2.20002e+08 6230
6315.07 1.24e+08 8210
4 0 0
0 0 2
6085.57 2.59229e+08 6256
6318 0 0
8 0 0
0 0 2
6090 0 0
6318 0 0
14 0 0
0 0 2
6088.76 3.10009e+08 6240
6318.31 1.7868e+08 11608
20 0 0
0 0 2
6088.46 3.10189e+08 6249
6313.9 1.75528e+08 6694
-1 0 0
