49
4 0 0
0 0 2
6179.83 6.22578e+09 6334
6407.61 4.08621e+09 7213
0.05 0 0
0 0 2
6181.46 -6.00318e+09 6332
6410.91 -3.84391e+09 7340
0.1 0 0
0 0 2
6180.42 -5.42778e+09 6336
6408.71 -3.57964e+09 7328
0.25 0 0
0 0 2
6181.02 -4.1741e+09 6317
6408.41 -2.72746e+09 8997
0.5 0 0
0 0 2
6183.78 -2.2836e+09 6344
6406.11 -1.59116e+09 9062
1 0 0
0 0 2
6180 3.53166e+08 0
6408 1.27992e+08 0
2 0 0
0 0 2
6178.08 3.76171e+09 6354
6410.45 2.40566e+09 7485
3 0 0
0 0 2
6179.9 5.40609e+09 6332
6403.75 3.52434e+09 11145
4 0 0
0 0 2
6180.14 6.1122e+09 6320
6408.57 4.10249e+09 7569
8 0 0
0 0 2
6181.51 6.91357e+09 6322
6410.2 4.49813e+09 11800
14 0 0
0 0 2
6182.13 7.04812e+09 6333
6406.84 4.67087e+09 12271
20 0 0
0 0 2
6179.78 7.05466e+09 6321
6409.36 4.68218e+09 7219
-1 0 0
