49
4 0 0
0 0 2
6179.83 2.99203e+08 6334
6407.61 1.87078e+08 7213
0.05 0 0
0 0 2
6181.46 -2.88311e+08 6332
6410.91 -1.7599e+08 7340
0.1 0 0
0 0 2
6180.42 -2.60765e+08 6336
6408.71 -1.63897e+08 7328
0.25 0 0
0 0 2
6181.02 -2.00404e+08 6317
6408.41 -1.24572e+08 8997
0.5 0 0
0 0 2
6183.78 -1.09806e+08 6344
6406.11 -7.28546e+07 9062
1 0 0
0 0 2
6180 0 0
6408 0 0
2 0 0
0 0 2
6178.08 1.8095e+08 6354
6410.45 1.10199e+08 7485
3 0 0
0 0 2
6179.9 2.59767e+08 6332
6403.75 1.61401e+08 11145
4 0 0
0 0 2
6180.14 2.93416e+08 6320
6408.57 1.87403e+08 7569
8 0 0
0 0 2
6181.51 3.32547e+08 6322
6410.2 2.05835e+08 11800
14 0 0
0 0 2
6182.13 3.38487e+08 6333
6406.84 2.13687e+08 12271
20 0 0
0 0 2
6179.78 3.38558e+08 6321
6409.36 2.1376e+08 7219
-1 0 0
