##TITLE= Parameter file, TopSpin 4.0.9
##JCAMPDX= 5.0
##DATATYPE= Parameter Values
##NPOINTS= 120	$$ modification sequence number
##ORIGIN= Bruker BioSpin GmbH & Co. KG
##OWNER= monteg3
$$ 2026-01-22 18:37:12.380 -0500  ramelt2@MacBookPro-TR-work-2.local
$$ /Users/ramelt2/Library/CloudStorage/Box-Box/Montelione-Lab-Box/MPro_NMR_and_MS_data_and_analysis/MPro-Nirmatrelvir/Mohawk-600NMR-data/RGC_Nirmat-Mpro_in_buffer_2D-19F-noesy_2024-11-12/32/pdata/1/clevels
$$ process /opt/topspin4.0.9/prog/mod/dataserver
##$LEVELS= (0..255)
-3153981249.76907 -2628317499.80756 -2190264999.83963 -1825221249.86636
-1521017499.88864 -1267513749.9072 -1056261953.21016 -880218294.348053
-733515245.283794 -611262704.405245 -509385587.000204 -424487989.16892
-353739990.9741 -294783325.815917 -245652771.507014 -204710642.922512 -170592202.43751
-142160168.702091 -118466807.253826 -98722339.3677718 -82268616.1439765
-68557180.1199804 -57130983.433317 -47609152.8590142 -39674294.0470952
-33061911.7100793 -27551593.0854827 -22959660.910819 -19133050.7610991
-15944208.9613326 -13286840.7990272 -11072367.3366893 11072367.3366893
12733222.4365677 14643205.7989279 16839686.673767 19365639.6735821 22270485.6233694
25611058.4731248 29452717.2353436 33870624.8225201 38951218.5471481 44793901.3342203
51512986.5337284 59239934.5081626 68125924.682512 78344813.3942638 90096535.3934034
103611015.704914 119152668.066276 137025568.277467 157579403.513462 181216314.049232
208398761.147242 239658575.319953 275607361.617321 316948465.864294 364490735.748313
419164346.10681 482038998.027206 554344847.721913 637496574.890824 733121061.121323
843089220.288271 0 0 0 0 0 0 0 0 0 0 0 0 0 0 0 0 0 0 0 0 0 0 0 0 0 0 0
0 0 0 0 0 0 0 0 0 0 0 0 0 0 0 0 0 0 0 0 0 0 0 0 0 0 0 0 0 0 0 0 0 0 0 0
0 0 0 0 0 0 0 0 0 0 0 0 0 0 0 0 0 0 0 0 0 0 0 0 0 0 0 0 0 0 0 0 0 0 0 0
0 0 0 0 0 0 0 0 0 0 0 0 0 0 0 0 0 0 0 0 0 0 0 0 0 0 0 0 0 0 0 0 0 0 0 0
0 0 0 0 0 0 0 0 0 0 0 0 0 0 0 0 0 0 0 0 0 0 0 0 0 0 0 0 0 0 0 0 0 0 0 0
0 0 0 0 0 0 0 0 0 0 0 0 0 0 0 0 0 0 0 0 0
##$LEVSIGN= 3
##$MAXLEV= 60
##$METHOD= 0
##$NEGBASE= -88578938.7
##$NEGINCR= 1.2
##$POSBASE= 88578938.7
##$POSINCR= 1.15
##END=
