5.819513265449597839e+01
4.028853615848420588e+01
5.452388025891857382e+01
4.600182538573345425e+01
4.654981066779555476e+01
4.491874851597479790e+01
5.229236422988456212e+01
5.095602645412818532e+01
4.687130826839417352e+01
4.157084061313616274e+01
4.508654598950072767e+01
4.640895017847881832e+01
5.328647883852207201e+01
4.851425914964472241e+01
5.026378921658114507e+01
4.576746569877729343e+01
3.954134873807699080e+01
5.195193038933526708e+01
4.853285977525472106e+01
4.610760597027121577e+01
4.575679641217325866e+01
5.067275646448712223e+01
4.658111636552360579e+01
5.087332551218887033e+01
5.571965347065317076e+01
4.570316275399632389e+01
4.791856250704358189e+01
4.629644719310569201e+01
4.818104669778061577e+01
4.507337967129845424e+01
5.045494441045592993e+01
4.901217058432839480e+01
4.162363778389911317e+01
4.233582912662646436e+01
4.643089866112089226e+01
4.137935478472154927e+01
4.694722361854272208e+01
4.916308425222580070e+01
4.834308315366718034e+01
4.139563213661225660e+01
5.179314602072176399e+01
3.889236779894439167e+01
4.604224418085816239e+01
4.197507858374804357e+01
5.879328672227808994e+01
4.387813401238231137e+01
4.314297189989149217e+01
4.961565403308161137e+01
3.486341923211891469e+01
4.811622977034150495e+01
5.059287251529126905e+01
5.241297562766524720e+01
4.648893477360508086e+01
4.719249049855717004e+01
5.102182490357705547e+01
5.209938956667002685e+01
5.655279099000047438e+01
3.538713034762191967e+01
4.144276010131819987e+01
4.531201182494511670e+01
5.226934262770149076e+01
4.278741694702357989e+01
4.537138833418568851e+01
5.059925361065090499e+01
5.379232012759973003e+01
4.715245138944630554e+01
5.103605015889876739e+01
5.681947724194811400e+01
4.743593245906252065e+01
4.782465130092519701e+01
4.785734551285450777e+01
4.937147119230136383e+01
5.124703097285538433e+01
4.330395324089418096e+01
5.438616401641183273e+01
4.410317063815285366e+01
4.232319651711500086e+01
4.024317419480213687e+01
5.278599592633841553e+01
5.109504690696142148e+01
3.789037063640251546e+01
4.265871570531239598e+01
4.036644442647757103e+01
5.185447635870019667e+01
4.897341161561924139e+01
4.576739608233304324e+01
4.794636193644857514e+01
4.818020763258270733e+01
5.070838500249372771e+01
3.697385700417813581e+01
5.177805102914099677e+01
4.016168463225312735e+01
5.098572136532953181e+01
6.279406065601278186e+01
5.371003946239730453e+01
4.467375870926326087e+01
5.293280284168412209e+01
3.902788140929705918e+01
5.114083730368845693e+01
4.909008886922212866e+01
4.802766155864009079e+01
4.921305259002638621e+01
4.699082121336377327e+01
4.722399876251996886e+01
4.247836498829666851e+01
6.154857878123046788e+01
5.183815652141574049e+01
5.191784613153312478e+01
5.407380669429994668e+01
4.464792647584954466e+01
4.261391177870549285e+01
6.174795894237583838e+01
4.351026692373729787e+01
5.174372791701942020e+01
5.166602370012585510e+01
4.276509079626989518e+01
5.823989160636595841e+01
4.059364817027611139e+01
4.484654119700049790e+01
4.700303862669692734e+01
5.293594528552738865e+01
5.218813196263923970e+01
5.843066758260209070e+01
4.545885752664148072e+01
4.945154769790801197e+01
4.644889990101443544e+01
3.740640870917143701e+01
4.763238766322513840e+01
5.099451203270749033e+01
4.788073643761066478e+01
5.453114546749842617e+01
4.580717132118518720e+01
5.595353433361256634e+01
4.360737227067658495e+01
5.831043154884331869e+01
5.738599044786181480e+01
4.886458239993046249e+01
5.603070823949264678e+01
5.594120135781610514e+01
5.075466599056867523e+01
4.682536079670972384e+01
5.143815842572749375e+01
3.972250442567917617e+01
5.327797847269353326e+01
4.775259448641526205e+01
5.380269906388923573e+01
5.286625185424872342e+01
5.378549134546913280e+01
5.372442236159012907e+01
4.411482967632765195e+01
4.299009891201801281e+01
4.835252687876380406e+01
4.561740600106562482e+01
3.960535719032885993e+01
4.708645163070366380e+01
4.200157972747403790e+01
5.114688461392227481e+01
5.023768529107974246e+01
5.268825326578773627e+01
3.988945365400059018e+01
4.913719036200357237e+01
5.196100458408550082e+01
4.535888387884125450e+01
5.419057203315717430e+01
5.495733772851789212e+01
4.337330114564753814e+01
5.911593521796456940e+01
3.655506100863576080e+01
4.126838748044328753e+01
4.573582714516821568e+01
4.738731812086057715e+01
4.593683549517810860e+01
4.217432679347118807e+01
5.046376028223071586e+01
4.644085346903183620e+01
4.654535530516863417e+01
4.292703128315291394e+01
4.327965991439535287e+01
3.960668801046806919e+01
4.909695146318288295e+01
5.131392936708569152e+01
5.072471635890872221e+01
5.424134704785463867e+01
5.056579220458754520e+01
4.010086221905974213e+01
5.019454637722221690e+01
5.687823340799868532e+01
4.876403046485518189e+01
4.085621952080492036e+01
4.550650633874026596e+01
4.117385410124454381e+01
5.965612470525021394e+01
4.853810910581169225e+01
5.246158982617556177e+01
3.957330972860658136e+01
3.945432502737298819e+01
4.393826887139348258e+01
4.910345388637964703e+01
5.489870885216463137e+01
3.906358386174404274e+01
5.321675272713015659e+01
5.298934862776992816e+01
5.170617723531319854e+01
4.042487445181839689e+01
5.833074753568510573e+01
4.546500603828796727e+01
4.593217915978713251e+01
5.308084205417859636e+01
6.811924806233639629e+01
4.779702724688626603e+01
3.924581805399825640e+01
4.564238527549267133e+01
5.112886379991505947e+01
6.861857425661145271e+01
4.423266630378974185e+01
4.156157110273816357e+01
5.198204298522794886e+01
5.232407418526877052e+01
4.529170501871578125e+01
4.686595009389955635e+01
4.498522986268051937e+01
4.236810216515898730e+01
5.642907484859254197e+01
5.294941210708873314e+01
3.644515886635476676e+01
4.877612583849597172e+01
6.124880240564115752e+01
5.358027238317663432e+01
4.480707048144116555e+01
4.544317797050172913e+01
4.763098238760262149e+01
5.708142181305748863e+01
5.259346912985044042e+01
4.404255148593091462e+01
5.258817672396649101e+01
4.699822246012443117e+01
4.651703700843764722e+01
5.468396387468356323e+01
5.095028903500656980e+01
4.458187808067159352e+01
5.998418959026621167e+01
3.632302504974342838e+01
4.506851541892795865e+01
3.691250903387996374e+01
5.460130033914335712e+01
5.413193087119498870e+01
4.936983324666294237e+01
4.980599015911745653e+01
4.616389619172817049e+01
5.957134077631602054e+01
4.952723868703088073e+01
4.296423968465378351e+01
5.261277164779311732e+01
5.106779101952336219e+01
4.132881275073313532e+01
5.329086086395585653e+01
4.506337209777432662e+01
5.934735476981643387e+01
4.132923916486407023e+01
4.959342951466732785e+01
4.024437833373819728e+01
4.517387448436738140e+01
4.737823428962320094e+01
5.148096499010152627e+01
4.936327729137838816e+01
4.434461117228209304e+01
3.938883809466305053e+01
4.162568538720253741e+01
3.737700912864053038e+01
5.627920450347046000e+01
5.125637157734607996e+01
4.740774893922603184e+01
4.047384020672135563e+01
5.501290525289948619e+01
4.543778502438635059e+01
5.607202290504488928e+01
5.519691646878924018e+01
5.508875065540909333e+01
3.630386572839343984e+01
5.311031451372692658e+01
3.906282333781740590e+01
4.405090652113748462e+01
4.718443334814708834e+01
5.148328407490175351e+01
4.584915929655556965e+01
5.135519090215367299e+01
3.939345510630256086e+01
4.826123767364095585e+01
4.540064372307480056e+01
5.488036099402597046e+01
4.685180276575324143e+01
4.374054430928786985e+01
4.816971296317579032e+01
5.489303564961015525e+01
3.506335454766912818e+01
4.642602554402157011e+01
4.832971672477705027e+01
6.025670288269027708e+01
5.126505634611207540e+01
5.085861611311829478e+01
5.314443180876991590e+01
4.638064995578874772e+01
4.709151505520527792e+01
4.129337559625898990e+01
4.644105099602290920e+01
4.618283097858628139e+01
5.436205873132082189e+01
5.185881402485263436e+01
4.215421573035251868e+01
5.565868910008787651e+01
5.067751019646208022e+01
5.446505452530022495e+01
4.900839006091334227e+01
5.904371016184053644e+01
4.462074415148513395e+01
4.387599381576610114e+01
5.787919044788556988e+01
4.851679648521512433e+01
4.797784176356506691e+01
4.851356276126458056e+01
5.250465370653425623e+01
4.206832856203947557e+01
5.361648255333648905e+01
5.260765688944360363e+01
4.426050670217493632e+01
4.692756332176125511e+01
3.989809298662142112e+01
4.459616602144492958e+01
4.673176862410551990e+01
4.737054073546327260e+01
4.432015811503742952e+01
4.652571758835615867e+01
4.176125223045824697e+01
5.595047973236775363e+01
5.272256003786967682e+01
4.696647133724968626e+01
3.928745042060827330e+01
4.943236385433137769e+01
4.535895082968530545e+01
5.376797000273797522e+01
4.716458253740345441e+01
4.778074798422648684e+01
4.265037648793607872e+01
5.266100977625200130e+01
4.754805086525509239e+01
5.015411424193167989e+01
4.559507598959285701e+01
3.918566179822588680e+01
4.540366999092389477e+01
4.878665463940365044e+01
4.783096558684687238e+01
5.326511201299017984e+01
4.639367515267792896e+01
4.498590263464696193e+01
6.542852795114698949e+01
4.915646097905889178e+01
5.027182480395082820e+01
4.759760233444609412e+01
5.322133759942681053e+01
5.991106919173895307e+01
4.241770050646028523e+01
5.216444014846551624e+01
4.932212525329612873e+01
5.262286330029336057e+01
4.107563674272902432e+01
5.490363736405716111e+01
3.532758416788490763e+01
4.405961384568076511e+01
5.488999676346544732e+01
5.127728031039477941e+01
4.086723157354416713e+01
5.835819948359665688e+01
4.840638533923601727e+01
4.333459503231699017e+01
6.214529390652653262e+01
4.379278193429303911e+01
5.073377376113617743e+01
5.668489835607469729e+01
4.676574186438988789e+01
5.740014445075355098e+01
6.102542053985921910e+01
3.971683060645301566e+01
5.878123974204649471e+01
4.658008282383287479e+01
4.518773854427985981e+01
5.837115937011522959e+01
4.306447813626157028e+01
5.499350479288840887e+01
5.473981628545976719e+01
3.694113374253473125e+01
3.808052497351380339e+01
5.036298007396887755e+01
4.722470493749658260e+01
4.769874847519339767e+01
4.745246450160597362e+01
4.111793877195536595e+01
5.095187993749575384e+01
3.606719747324204661e+01
4.495782034975027841e+01
5.714923534885124212e+01
4.557505409709982303e+01
5.008655168053834927e+01
4.562402734046092689e+01
4.963302804019816961e+01
4.489135387575600333e+01
3.968511651002235396e+01
4.369122230212615676e+01
4.550252516527464763e+01
5.352487968182335010e+01
4.077929681866645950e+01
6.297960185719777826e+01
6.284102528475305860e+01
4.981863721414784152e+01
5.572591646495562401e+01
4.965843474945195624e+01
4.644890082649294527e+01
4.336192734342447608e+01
4.652345175910686237e+01
5.433383935314629554e+01
5.168040505576215082e+01
4.007102578850653885e+01
5.129949813098394173e+01
4.795283996958557537e+01
5.044318751060441741e+01
5.086639218957090236e+01
4.838482689366989575e+01
4.738017488477301242e+01
4.780268504520472561e+01
5.218108051720906815e+01
3.610217881791638916e+01
4.410903269255112491e+01
4.495219370246407919e+01
4.561042936606528997e+01
4.871375172325454628e+01
4.119312430587476825e+01
5.894953224696094907e+01
5.061838708843168178e+01
4.488165503125258482e+01
5.611679515308732391e+01
4.466464577125392310e+01
5.506036555640353924e+01
4.500497517943681203e+01
5.070763134646954740e+01
4.142994051332757977e+01
5.195452392583219847e+01
4.861171005602680850e+01
5.266154522728603382e+01
4.424475260833857959e+01
4.700841623625125720e+01
4.894728485608383295e+01
4.503159482570710992e+01
4.213339554590607605e+01
5.097465327385009459e+01
4.752198568835779469e+01
4.963387956718647587e+01
4.051135918319047136e+01
5.035449462605371451e+01
5.634937818323543723e+01
3.977087067512714924e+01
4.963752218071152811e+01
4.866137719816425289e+01
5.977413356269477163e+01
5.008668541298182930e+01
4.187966354321311258e+01
4.848448746946360188e+01
4.657258410148272532e+01
5.069850335136634811e+01
4.944264708628412563e+01
4.035609337651258954e+01
3.899490753631646811e+01
4.364600042222243559e+01
4.963234440336622555e+01
4.568323213509449943e+01
5.099212540335921773e+01
3.881735111219998657e+01
3.917067436026682259e+01
4.841145773095468741e+01
6.189679372341647934e+01
5.480063104284079145e+01
4.572908846619754542e+01
5.317573358242079706e+01
5.843249781599473636e+01
5.298592951020025765e+01
4.812313929745203467e+01
4.432517527281226677e+01
6.231715363595303359e+01
4.200971436997367903e+01
4.746246899628128091e+01
4.851888262774095750e+01
4.788355897417088869e+01
5.905198439649137043e+01
5.749004965047875260e+01
5.394335884827841454e+01
4.705452310471487465e+01
5.332963357517549241e+01
4.817114949600352958e+01
4.613597034709878386e+01
4.558598299710231316e+01
4.921926255315015908e+01
5.421289784245050214e+01
