1.376816580223769506e+02
1.296424944614866490e+02
1.214266045710139537e+02
1.289855006760460014e+02
1.272399175680324674e+02
1.228854128082515871e+02
1.288701320645553778e+02
1.160990924612367365e+02
1.287391375185476932e+02
1.431661840093910882e+02
1.303239531592122091e+02
1.345100102566597400e+02
1.283437014790894750e+02
1.365242885735113987e+02
1.436761763130662075e+02
1.159673711773280331e+02
1.275266124746916887e+02
1.482471366021496806e+02
1.240335187194724256e+02
1.266982632281394103e+02
1.487628864309890560e+02
1.256477956572128107e+02
1.298881954136114132e+02
1.438240254055903335e+02
1.392866960788771848e+02
1.296251750651561565e+02
1.289500802191752484e+02
1.371502036263965181e+02
1.306915087052691433e+02
1.248421102920336381e+02
1.278019699086065941e+02
1.279711099540502346e+02
1.213116811629036107e+02
1.311149393126527514e+02
1.331331051128410365e+02
1.279518682252082442e+02
1.405328276363718487e+02
1.344341184732329566e+02
1.304238604945306292e+02
1.449746127052856934e+02
1.379782071423627485e+02
1.296212290003254282e+02
1.203314597701484843e+02
1.367223656855670413e+02
1.343124542849823797e+02
1.386481458950931369e+02
1.232034156681696544e+02
1.221885743966335980e+02
1.117439103618769138e+02
1.290403634974328497e+02
1.310865176872281666e+02
1.481099137153368019e+02
1.322583193614540846e+02
1.342081769038884715e+02
1.276950426730542603e+02
1.257228961824030904e+02
1.159429997783389723e+02
1.102976976886791078e+02
1.155889134950551096e+02
1.509596404629130575e+02
1.412667532860168933e+02
1.105406361696863087e+02
1.153760940550148746e+02
1.341247694877613412e+02
1.268967491735583337e+02
1.353465326667666488e+02
1.197624448207966168e+02
1.335974445505071628e+02
1.303194059189184486e+02
1.417476306889091120e+02
1.382940907657801404e+02
1.338265225035233357e+02
1.332518126882904710e+02
1.553631757059640393e+02
1.346588300912969487e+02
1.296313005037904986e+02
1.374201473916229190e+02
1.296181814204603597e+02
1.357978033296276408e+02
1.260521012496663218e+02
1.264780093945298773e+02
1.389368655275748949e+02
1.160136379815496497e+02
1.127693085936779909e+02
1.129327551325820451e+02
1.535065245626522028e+02
1.286851086409564289e+02
1.435246084814406800e+02
1.303889500942656809e+02
1.409954855007457297e+02
1.168069711472117547e+02
1.406432994962466125e+02
1.286792878329291341e+02
1.320861792037952114e+02
1.496886067737124222e+02
1.372296610362097624e+02
1.128655597002838391e+02
1.271465053421733131e+02
1.356403208173484245e+02
1.341591264552289431e+02
1.274099086155990506e+02
1.253972308289375235e+02
1.389087391699149237e+02
1.524777783628033490e+02
1.525984081251034183e+02
1.312229849572575233e+02
1.207650701662423955e+02
1.345303142313420324e+02
1.485240571085290355e+02
1.202960501528610848e+02
1.340223716380016583e+02
1.207283805551117126e+02
1.444216314801246313e+02
1.530290133473064031e+02
1.220410748838510244e+02
1.175571981141442706e+02
1.331128358661042057e+02
1.237022932437254639e+02
1.391619237492096204e+02
1.266219571100619135e+02
1.179250522215838402e+02
1.234611911788382486e+02
1.284236934351399384e+02
1.454033807383101475e+02
1.273728651024224234e+02
1.367712225293914514e+02
1.333086703857003101e+02
1.215857220221602404e+02
1.367198310165949522e+02
1.323500643237110523e+02
1.160171477219790006e+02
1.238264839759620770e+02
1.330469333336382647e+02
1.427622126517389347e+02
1.462990736128663514e+02
1.433634100295973894e+02
1.312329359931740385e+02
1.312325498194957447e+02
1.253120245972974232e+02
1.346285550107112670e+02
1.147189741661280920e+02
1.462053963839782114e+02
1.342699829888573220e+02
1.316308359137063917e+02
1.363244679196859863e+02
1.233747568718941636e+02
1.227707543848371756e+02
1.325542451130143604e+02
1.214033397035833417e+02
1.273134964115674848e+02
1.231242651164171349e+02
1.034802749762777268e+02
1.354089350478872689e+02
1.150978864201988898e+02
1.212264970308783489e+02
1.199189113992636067e+02
1.268473553449833844e+02
1.296714356083202802e+02
1.173493719716841497e+02
1.425586723397367166e+02
1.144441637319080769e+02
1.255743466416214460e+02
1.507659797628147658e+02
1.308239095185272163e+02
1.295683125257283450e+02
1.417958408525439893e+02
1.201047399726055005e+02
1.404330182015643231e+02
1.420526440892480196e+02
1.281563431313089438e+02
1.387424296580883265e+02
1.344377162410505946e+02
1.356436474260479486e+02
1.407017576082513415e+02
1.525144991798156013e+02
1.463325616315549951e+02
1.241428405385638314e+02
1.403918561446954243e+02
1.313552011492211307e+02
1.338263994226179534e+02
1.363994826872044541e+02
1.173902653052732745e+02
1.304606911629540775e+02
1.284297148720254711e+02
1.208938438525485992e+02
1.293570621871865569e+02
1.174351111394141185e+02
1.061154114164455251e+02
1.277011009260430257e+02
1.497478130276759885e+02
1.149845942276851076e+02
1.281005391195938898e+02
1.237279472678961127e+02
1.477319502037098289e+02
1.297275795186660048e+02
1.382023965689765816e+02
1.276256448038122215e+02
1.397103218586785545e+02
1.111088099499527431e+02
1.262821912881670130e+02
1.248639513175232167e+02
1.254932424563043725e+02
1.291838858513702633e+02
1.164652622765766949e+02
1.210137244350655266e+02
1.207984890558168019e+02
1.313088547254088496e+02
1.262436655885772439e+02
1.408455303737771942e+02
1.310388371803302618e+02
1.407878848408127510e+02
1.272290633416874925e+02
1.536719525890136993e+02
1.326851785445290091e+02
1.383823611678997736e+02
1.062150552686665463e+02
1.320614956204813950e+02
1.270349717236398703e+02
1.314631913815767916e+02
1.174714490402555356e+02
1.179651804346569151e+02
1.372670105153233635e+02
1.370600557720934205e+02
1.278149662880482396e+02
1.423095288709393174e+02
1.244209720243689361e+02
1.170557476515879216e+02
1.269983779076351453e+02
1.380484922903484630e+02
1.028499026615923242e+02
1.201537098233047942e+02
1.415964708897454898e+02
1.292611466636477928e+02
1.255573892913427585e+02
1.129386325219407894e+02
1.381362574744120764e+02
1.138707475931554711e+02
1.415007162350987358e+02
1.160520498325127221e+02
1.290355206418416003e+02
1.252525955605285901e+02
1.165987347344350695e+02
1.315236371890203770e+02
1.199794151788163390e+02
1.254651031313836143e+02
1.137469183891007134e+02
1.257036089465524640e+02
1.253007258205991263e+02
1.326510725244382627e+02
1.330085772415363579e+02
1.307418134655079598e+02
1.454200506042120935e+02
1.321560108845777108e+02
1.278653790945286204e+02
1.354973788722100210e+02
1.430989230211170309e+02
1.179436569586971189e+02
1.291558121721793668e+02
1.289508252315866628e+02
1.366941197723665198e+02
1.364764818224323903e+02
1.247097473656988740e+02
1.266715618344030787e+02
1.211832765204696329e+02
1.349064104799412007e+02
1.372224680026156989e+02
1.481561117120968447e+02
1.446880652727741676e+02
1.395317964080010995e+02
1.270423628786090831e+02
1.279287359189443549e+02
1.426366187665467180e+02
1.105659219908008168e+02
1.452498073924607809e+02
1.257797665871022303e+02
1.403339018153516804e+02
1.400379474230530548e+02
1.362353886929827809e+02
1.430468326073089429e+02
1.286476990842572548e+02
1.336820444976941360e+02
1.086027788174077244e+02
1.186564863168924973e+02
1.306322877186623828e+02
1.304545327799895063e+02
1.182379142995975911e+02
1.203098684118513972e+02
1.326157097417828368e+02
1.258880180996491305e+02
1.278124565472711822e+02
1.317005849558388491e+02
1.350054964294605497e+02
1.118236066523919732e+02
1.252658511484665809e+02
1.433808388000164200e+02
1.208577436244168553e+02
1.055661437901300417e+02
1.452709759659502708e+02
1.295028166455613530e+02
1.401059183922527893e+02
1.222899985782449193e+02
1.294361694657977750e+02
1.333118653581097135e+02
1.165758685800318233e+02
1.312286113846206206e+02
1.193598490262087353e+02
1.462825911123327103e+02
1.303029080126246413e+02
1.237858769986371215e+02
1.079867882655671991e+02
1.213565669836831518e+02
1.505852708431534381e+02
1.196060461106283554e+02
1.187096661989994857e+02
1.346215891766688344e+02
1.287684335899276959e+02
1.383469350037090351e+02
1.164406351595282558e+02
1.325035959897240332e+02
1.397272923153900592e+02
1.287152508772856834e+02
1.262792170881197080e+02
1.198570511748780802e+02
1.344008537828674719e+02
1.361727468928740166e+02
1.218602037747157141e+02
1.364813224149719133e+02
1.400959639561290828e+02
1.271189175336007935e+02
1.149694683542744542e+02
1.378595664606186517e+02
1.213021183497948385e+02
1.265165913089854399e+02
1.419144413571855239e+02
1.195390539423575689e+02
1.446562806975495619e+02
1.339901592075307519e+02
1.387168670827524863e+02
1.319375757388092723e+02
1.203318565841378671e+02
1.551542672612386582e+02
1.285863951477034846e+02
1.408360881725231195e+02
1.235947997415744624e+02
1.489802242085099806e+02
1.415815834564753004e+02
1.196887754140887381e+02
1.309125138105424639e+02
1.348549754692508031e+02
1.158095333187153670e+02
1.284275183710318800e+02
1.137552539480247447e+02
1.293601086518209229e+02
1.448988462701420303e+02
1.245264736739818972e+02
1.501905444804488639e+02
1.238251151214635115e+02
1.275898942456373675e+02
1.118609965015012619e+02
1.172240477425056184e+02
1.284366204149811210e+02
1.323371665888591053e+02
1.387533197841264609e+02
1.308641702475479462e+02
1.315097436105349971e+02
1.538041628339335034e+02
1.191282800078750910e+02
1.245550204448087328e+02
1.341767751954035930e+02
1.233878165503413129e+02
1.368171876612266260e+02
1.312557681058661103e+02
1.553490638560054720e+02
1.310190676958502820e+02
1.301110859254158356e+02
1.238530215286223211e+02
1.269153185493314879e+02
1.246739124351562680e+02
1.264124630909802960e+02
1.380906436267733568e+02
1.467856208567018825e+02
1.289483800382023162e+02
1.381140464245087003e+02
1.292246336957960295e+02
1.387996891015526160e+02
1.201250712870828323e+02
1.308131697798817754e+02
1.290660805557521655e+02
1.277408740538339629e+02
1.393997686589780756e+02
1.301167073145960273e+02
1.152434828854753448e+02
1.201047179226116413e+02
1.315692701007555456e+02
1.201173794449217382e+02
1.368349994306531698e+02
1.172181984040491614e+02
1.331516164454455975e+02
1.149816383010232954e+02
1.303382077146879965e+02
1.325989189022141943e+02
1.368617938365149769e+02
1.297118200115073137e+02
1.130469336535531539e+02
1.291976558866875564e+02
1.285205606106802634e+02
1.254507983797180515e+02
1.407981715851547335e+02
1.405370780340596752e+02
1.425766078943617856e+02
1.426338629322808629e+02
1.229298638454826289e+02
1.268448220730446678e+02
1.122831448544747701e+02
1.309529025316980437e+02
1.239215181154436891e+02
1.330577808012713774e+02
1.332317568672294215e+02
1.176807892048603321e+02
1.305054103383524762e+02
1.402793469770831507e+02
1.314404013334136323e+02
1.338008633290217801e+02
1.444459522073913718e+02
1.240471031706295122e+02
1.315333357611804388e+02
1.313704654427408514e+02
1.310088385458346352e+02
1.395873831796230036e+02
1.311964031538150550e+02
1.244005598181845755e+02
1.342630114608822112e+02
1.194570973560709746e+02
1.276208245869288902e+02
1.449935143015842698e+02
1.282820686385298643e+02
1.195301857757734751e+02
1.281296212473096432e+02
1.332507261467471835e+02
1.268010335268019020e+02
1.478270380707782010e+02
1.353886016630412712e+02
1.426397283805500820e+02
1.280319187539087693e+02
1.169925737329319446e+02
1.173337702790636143e+02
1.264304824136126655e+02
1.060647738650279166e+02
1.410523212384007365e+02
1.237482244757582777e+02
1.348833993895130732e+02
1.317713096259086285e+02
1.267383513278476528e+02
1.264891517508525851e+02
1.273627833231101931e+02
1.237328207932159643e+02
1.293954843911361081e+02
1.176652797276511535e+02
1.318655140918454265e+02
1.359474904219581504e+02
1.206708852440047508e+02
1.247917443870283591e+02
1.324853370252884019e+02
1.338406134022355616e+02
1.293947730710599728e+02
1.217697561399454571e+02
1.319577625292283756e+02
1.251622048694998597e+02
1.222945874634114460e+02
1.278953839600345788e+02
1.403561170185798517e+02
1.429204713715812147e+02
1.132239780308424599e+02
1.426623080294177157e+02
1.176242535215904468e+02
1.396108748961646313e+02
1.331359945035558496e+02
1.348816726342811307e+02
1.505702707161968874e+02
1.169701010108920940e+02
1.249426314508429243e+02
1.148563729028724794e+02
1.468229572938912213e+02
1.247003729649855899e+02
1.355521583972385145e+02
1.405847017961518475e+02
1.368853541124475157e+02
1.428002369969229335e+02
1.415570618353436601e+02
1.280967706855048789e+02
1.418910025169301719e+02
1.541925013352199301e+02
1.302832607080610217e+02
1.293111329715773365e+02
1.308391641503104665e+02
1.312613859213123817e+02
1.328754110739504597e+02
1.136613101937568615e+02
1.351906362789546563e+02
1.313645988173863088e+02
