2.344464016719963340e+01
2.760292434134472117e+01
2.633935426776788802e+01
2.420337158216932849e+01
2.837608234208632396e+01
2.999477815306983430e+01
2.474266765666678580e+01
2.648742095271843766e+01
2.046003466527422177e+01
2.674027376453005189e+01
2.701155165901405653e+01
2.275234996935687448e+01
2.218283366640112320e+01
2.974931141079198227e+01
2.464911878395538736e+01
2.660320103572104244e+01
2.129327087869052448e+01
2.587919392066499924e+01
1.995011124915222211e+01
2.060060998146352773e+01
2.332502374244879917e+01
2.467316868732928370e+01
2.291730694286539460e+01
2.458725877401460380e+01
2.781913865065014235e+01
2.788443323755315006e+01
2.231932180156905687e+01
2.540302081634625964e+01
2.682730836972184818e+01
2.281263134834447825e+01
2.741544185562186442e+01
2.845527806029140550e+01
2.472192183504192187e+01
3.033917684604005771e+01
2.090055172930117067e+01
2.603963830614762642e+01
2.335627797181816945e+01
2.433818985207748398e+01
2.380237251418742872e+01
2.801601204300040493e+01
2.699854694402780808e+01
2.479676139431974491e+01
2.753784745783952914e+01
2.693515291069222783e+01
2.205857421567241516e+01
2.612150284443025328e+01
2.689554154207955960e+01
2.813153122425825359e+01
2.428221697978779403e+01
2.832073212450661615e+01
2.331687448781645600e+01
2.505210834179008117e+01
1.967544049104612469e+01
2.064505982889440006e+01
2.557966599387291140e+01
2.452446919758383714e+01
3.010571842563072664e+01
1.958801326294006273e+01
2.108220759133628874e+01
2.192622249100434217e+01
1.977098216315317813e+01
3.012488867616583477e+01
2.603985869655853236e+01
2.918431335658706161e+01
2.048383648024546133e+01
2.309048746225617066e+01
2.548491222488459229e+01
2.648507285408140532e+01
2.195049310941230303e+01
2.162810959930901689e+01
2.970214100559570269e+01
3.449729575333816456e+01
2.171663342536615815e+01
2.357598611154905655e+01
2.580711224375772517e+01
2.841352210963471592e+01
2.601955531516622955e+01
2.389040890153854590e+01
2.182970417303503652e+01
2.643510547433456281e+01
2.375156684469784452e+01
2.905936608167727897e+01
2.654979124214989739e+01
2.606049654296609575e+01
2.609252543367141186e+01
2.546899518454236500e+01
2.208491728991065628e+01
2.327257622884255994e+01
2.340389456054765560e+01
2.371002859957808795e+01
2.424670132476833473e+01
2.757961212249569982e+01
2.540027377491132299e+01
3.013487735433066206e+01
3.180906976027013400e+01
3.018625601990381924e+01
2.205480381030327663e+01
2.468629749464889045e+01
2.319147715711367042e+01
3.000803074343103560e+01
2.669413064344576014e+01
2.330064906131770641e+01
3.077219348584025127e+01
2.430843644386479596e+01
2.542021861735809551e+01
2.477193075918925658e+01
2.704848426299415465e+01
2.637442838821585411e+01
2.738919991401574450e+01
2.203207701385071360e+01
3.010864082363713834e+01
2.323007582234002655e+01
2.510656827735439833e+01
2.093605666498779527e+01
2.354441607690527860e+01
3.181293610259107396e+01
2.321950985933713696e+01
2.508921664753417247e+01
2.020514570721354275e+01
2.330804149867933006e+01
2.028473592913440271e+01
2.606436741514016475e+01
2.590707598202180861e+01
2.364758954431660598e+01
2.066626270214556982e+01
2.607841096184456120e+01
2.177446415062303586e+01
1.928669149383823367e+01
2.410154526651950135e+01
2.760366967503546221e+01
3.286220270352030326e+01
2.446696943975596383e+01
2.602257186697266178e+01
2.696504635983876597e+01
2.301001444279860308e+01
2.258171076730323890e+01
2.568385995081547435e+01
2.524897442233544709e+01
2.524232567477686473e+01
2.666621970208503711e+01
2.669025580042792711e+01
2.365986538299956621e+01
2.498906672411136043e+01
2.438430150971414534e+01
2.899053665089696352e+01
2.617094172279087161e+01
2.720911205600781813e+01
2.410634541572753520e+01
2.596948703451151630e+01
2.115435905370213021e+01
2.867944145506725206e+01
2.523502574454019154e+01
2.660267897855618457e+01
2.352259053431610880e+01
2.810829576328303858e+01
2.606502646016511804e+01
2.671501088622414954e+01
2.149306342554029570e+01
2.384099095913715516e+01
2.313949092156884646e+01
2.871533611768174410e+01
2.466542261810693049e+01
2.743223624993363075e+01
2.320469842743486311e+01
2.918816557944087720e+01
2.433725475145972794e+01
2.074589204331331160e+01
2.981852796688885121e+01
2.414813604745692643e+01
3.028826739573874605e+01
2.807968406915029291e+01
2.553133760570647581e+01
2.196165222172580656e+01
2.859654088160442953e+01
2.535359393456099752e+01
2.532951568717127699e+01
2.436576720447290967e+01
2.138218753543203832e+01
2.668166094368231356e+01
2.439541107700079792e+01
2.132935508478363573e+01
2.157048355245846594e+01
3.911482991927098141e+01
2.491867450291530517e+01
2.220084431237194167e+01
2.529330648718195107e+01
3.276710072654492478e+01
2.772134605330760948e+01
2.332689732299217766e+01
2.492275540271247891e+01
2.299567549676495659e+01
2.200719586335669220e+01
2.550907613739322954e+01
3.083846734852549076e+01
2.870457047126853212e+01
2.306154154222607389e+01
2.096189379582685319e+01
2.025031782354617604e+01
2.513012878808404338e+01
2.848319766974382361e+01
2.687214759207253678e+01
2.877506276615681102e+01
2.336157960450752569e+01
2.488149636285550770e+01
2.824260569695787026e+01
2.790444286742616598e+01
2.166617244594127456e+01
2.408188047466092385e+01
2.456974275266277274e+01
1.888915445750620137e+01
2.766757828058875290e+01
1.984455207246502084e+01
2.323055649144930257e+01
2.570569932870205321e+01
2.856949533698462318e+01
2.452398202557959550e+01
2.694611997432574313e+01
1.935278491892550790e+01
2.467132320205336882e+01
2.649290919162165281e+01
2.468475437691245844e+01
2.494609412217985067e+01
2.253269857342846549e+01
2.805723572396819776e+01
1.939293923910982542e+01
2.385584070774800480e+01
2.315901583688874865e+01
2.232573361232862297e+01
2.518978328753129503e+01
2.309937542925822740e+01
2.472012600272800853e+01
2.573668147892104940e+01
2.474175145758185224e+01
3.011596248484790905e+01
2.811381221888298754e+01
2.055212768212980023e+01
2.731314041521415703e+01
2.161566194846272992e+01
2.931144049158276488e+01
2.582742109460739499e+01
2.592972388380395543e+01
2.749298980863945729e+01
2.314265509370680007e+01
2.275289571353603790e+01
2.596097866948104738e+01
2.658356792701706794e+01
2.116649300912595422e+01
2.657261775919438662e+01
3.278403372798177173e+01
2.423805851372951992e+01
2.498847344828435268e+01
2.069125473219505196e+01
2.617266714965218810e+01
2.682112009666823127e+01
2.867088117867369945e+01
1.998473812786555115e+01
2.379958877868786260e+01
2.655089795596255797e+01
2.513116300732889030e+01
3.165955869559450164e+01
2.913390702109347430e+01
2.167382184714821136e+01
2.686277068202641516e+01
2.726813254366132355e+01
2.372315956319150132e+01
2.248835848891238243e+01
2.997093589466589236e+01
2.427270244404218147e+01
2.891776563095015362e+01
2.513555514216830034e+01
2.958772135549982352e+01
2.652196336378096220e+01
2.720956753232727721e+01
2.248657017051358054e+01
2.665511455704156063e+01
2.282389651828215449e+01
3.125917190865732209e+01
2.028126554366778933e+01
2.601111201508493309e+01
2.377677901075175626e+01
2.707702917641042362e+01
2.116013725549952085e+01
2.624257306887760421e+01
2.429899798584883897e+01
2.340849644943337893e+01
2.235752068782858260e+01
2.625975363430047338e+01
1.974412554501597583e+01
2.351298003688522087e+01
2.458313930974933825e+01
2.383601766846248893e+01
2.548533679197807089e+01
1.865560656219846436e+01
2.496481089301571643e+01
2.474791613128877188e+01
2.368510387959542030e+01
2.739916509849971860e+01
1.994423952309847436e+01
2.280010443957202426e+01
2.605866359879196636e+01
2.398342367599520486e+01
2.773355184921648942e+01
3.170848156446907495e+01
2.996920964505789797e+01
2.477834525539238442e+01
2.499983212825894441e+01
2.053985095488638990e+01
2.734834939430024647e+01
2.378699781844573380e+01
2.414755505815407588e+01
2.357847467696222665e+01
2.847347435177197994e+01
1.818792741834981541e+01
2.072520138416534152e+01
2.268245532628971972e+01
2.529667219074132589e+01
2.333430083834186419e+01
2.293537585695063186e+01
2.586218111708637224e+01
3.039785735793815036e+01
1.992915310904455950e+01
2.472152152069348929e+01
2.545776108747598698e+01
2.325273948399787471e+01
2.077160376926637042e+01
2.853454940548506613e+01
2.727448828822129556e+01
2.667523549653176929e+01
2.433546709496928173e+01
2.970594186032784378e+01
2.983045667609120954e+01
2.860192204405954897e+01
2.380967813801081334e+01
2.563552102170183744e+01
2.449691569781161604e+01
2.557870927951934803e+01
2.442187227361031532e+01
2.444701604225972602e+01
2.411137007174435354e+01
3.261220761387841094e+01
2.488279040835405098e+01
2.527370539459528231e+01
2.133059235228166983e+01
2.488987099929134672e+01
2.289158787358993763e+01
3.029917998615916730e+01
2.534885434176089802e+01
2.001535132690455399e+01
2.730029725716089928e+01
2.417577722843742194e+01
2.538605799997127122e+01
2.541269203475542326e+01
2.379250290391225064e+01
2.153832972964419312e+01
2.798983004277566877e+01
2.675090320914426201e+01
2.741124201485883916e+01
2.497883244947431791e+01
2.051441241289654371e+01
2.946863052461764809e+01
2.369829656918421534e+01
2.490660411305323052e+01
2.632550351113460252e+01
2.238934251799745567e+01
2.591288060984362218e+01
2.745799289305377400e+01
2.650881630859470661e+01
2.721692505861748046e+01
2.773651875643954057e+01
2.667286101221543504e+01
2.791905946950489792e+01
3.053169611762897873e+01
2.031541341175340776e+01
2.175052457233991987e+01
2.562229675345533764e+01
2.863104669406781611e+01
1.841755630238316854e+01
2.462802044693355441e+01
2.035055623150172366e+01
2.678703402994249316e+01
2.412032284140029503e+01
2.466926379940166569e+01
2.634206037072102546e+01
2.227206615718385763e+01
2.716893066028145043e+01
2.429449037120583910e+01
2.541214572886340761e+01
2.379543819044138786e+01
2.752573491830760943e+01
2.250215184633661281e+01
2.914872666424722780e+01
2.947941953050831287e+01
2.277231247086183075e+01
2.624552674377286721e+01
2.638602669845339932e+01
2.581451271363599886e+01
2.992497138475270901e+01
2.402538100298852086e+01
2.500253299780245086e+01
2.352006520455532623e+01
1.907362391266304869e+01
2.701185477557266879e+01
2.445721327523554223e+01
2.652515574809475041e+01
2.389288825671532024e+01
2.812874396863410453e+01
3.011999978686147372e+01
2.473542162458637605e+01
2.520286718565913731e+01
2.730550897241856134e+01
2.845072203871166394e+01
2.467390475452167209e+01
3.002264882664129786e+01
2.491064800482918429e+01
2.351411938187743544e+01
3.174307374633157508e+01
1.968923977299325045e+01
2.265312587962679203e+01
2.009025560069747840e+01
2.433691756248876459e+01
3.308866659945918798e+01
2.622047800982033650e+01
2.739572126519840367e+01
2.477124009227082624e+01
2.637567582298419921e+01
2.381731831720661674e+01
3.199923998584140605e+01
2.191414233159488489e+01
3.110556104423479695e+01
2.571846623588059799e+01
2.322568310582026285e+01
2.515213877976220758e+01
2.642518346037588373e+01
2.724025886103771654e+01
2.818755138252103620e+01
2.501395923250201392e+01
2.409536993021194107e+01
2.347812924680185986e+01
2.792851266979500835e+01
3.302161696026946913e+01
2.145059423154152256e+01
2.539134043143086217e+01
2.614996726926525739e+01
2.083821247266036991e+01
2.393926600848965691e+01
2.437733831154084641e+01
2.333268887134211766e+01
3.069561857553787831e+01
2.788256734418597915e+01
2.082620782990857222e+01
2.162717711314731162e+01
2.645120745284301833e+01
2.860473516137641070e+01
3.010574408529561197e+01
2.478854929205154889e+01
3.118638282685577678e+01
2.558036585169839228e+01
2.261055344767268593e+01
3.308141708876206621e+01
2.648091675299989589e+01
2.662798550836989975e+01
2.463309423290048983e+01
3.016568765995538115e+01
2.482914987493593628e+01
2.286873131912312473e+01
2.272471046498531422e+01
2.711704480810776019e+01
2.524689182150536126e+01
2.539880274659833503e+01
2.443218970467767193e+01
2.785709602278774355e+01
3.067391575187916786e+01
2.537968955528705806e+01
2.998626798191610732e+01
2.289265191556004808e+01
2.658785818347239527e+01
2.533720375204550734e+01
2.857710175790600360e+01
2.385694574248936206e+01
2.921602057101758732e+01
2.325324887636133653e+01
2.259408826130838932e+01
2.490885150433189921e+01
2.231877310861442609e+01
2.181477602354722123e+01
2.899544750892164302e+01
2.352702057818331127e+01
2.189334409036154128e+01
2.540304915827073273e+01
2.284330149851626501e+01
2.302856129647190286e+01
2.642294953204815400e+01
1.961351681557749771e+01
2.513267576824762983e+01
2.941247082919012712e+01
2.506862678415900447e+01
2.446783504017630406e+01
2.637441386919519104e+01
2.429732934380399456e+01
2.643455799926832483e+01
