##TITLE= Parameter file, TopSpin 4.4.0
##JCAMPDX= 5.0
##DATATYPE= Parameter Values
##NPOINTS= 24	$$ modification sequence number
##ORIGIN= Bruker BioSpin GmbH & Co. KG
##OWNER= monteg3
$$ 2024-11-12 19:29:13.513 -0500  monteg3@mohawk.biotech.rpi.edu
$$ /opt/nmrdata/data/monteg3/RGC_Nirmat-Mpro_in_buffer_2D-19F-noesy/36/pdata/1/clevels
$$ process /opt/topspin4.4.0/prog/mod/dataserver
##$LEVELS= (0..255)
-1500408750 -1250340000 -1041950273.725 -868291894.775 -723576578.975 -602980482.475
-502483735.4 -418736446.1625 -348947038.475 -290789198.725 -242324332.275
-201936943.5625 -168280786.3 -140233988.5875 -116861657.15 -97384714.3
-81153928.575 -67628273.8125 -56356894.85 -46964079.0375 -39136732.5375
-32613943.775 -27178286.475 -22648572.0625 -18873810.05 -15728175.05 -13106812.5375
-10922343.7875 -9101953.15 -7584960.9625 -6320800.8 -5267334 5267334 6057434.1
6966049.2125 8010956.6 9212600.0875 10594490.1 12183663.6125 14011213.1625
16112895.125 18529829.4 21309303.8125 24505699.3875 28181554.2875 32408787.4375
37270105.55 42860621.375 49289714.5875 56683171.775 65185647.5375 74963494.675
86208018.875 99139221.7 114010104.9625 131111620.7 150778363.8125 173395118.375
199404386.1375 229315044.05 263712300.6625 303269145.7625 348759517.625
401073445.275 0 0 0 0 0 0 0 0 0 0 0 0 0 0 0 0 0 0 0 0 0 0 0 0 0 0 0 0 0
0 0 0 0 0 0 0 0 0 0 0 0 0 0 0 0 0 0 0 0 0 0 0 0 0 0 0 0 0 0 0 0 0 0 0 0
0 0 0 0 0 0 0 0 0 0 0 0 0 0 0 0 0 0 0 0 0 0 0 0 0 0 0 0 0 0 0 0 0 0 0 0
0 0 0 0 0 0 0 0 0 0 0 0 0 0 0 0 0 0 0 0 0 0 0 0 0 0 0 0 0 0 0 0 0 0 0 0
0 0 0 0 0 0 0 0 0 0 0 0 0 0 0 0 0 0 0 0 0 0 0 0 0 0 0 0 0 0 0 0 0 0 0 0
0 0 0 0 0 0 0 0 0 0 0 0 0 0 0 0 0 0 0
##$LEVSIGN= 3
##$MAXLEV= 50
##$METHOD= 0
##$NEGBASE= -42138672
##$NEGINCR= 1.2
##$POSBASE= 42138672
##$POSINCR= 1.15
##END=
