49
4 0 0
0 0 2
5975.72 8.25359e+09 6129
6215.03 4.78097e+09 7039
0.05 0 0
0 0 2
5973.83 -8.37178e+09 6105
6217.75 -4.96656e+09 8883
0.1 0 0
0 0 2
5975.1 -7.6984e+09 6136
6215.83 -4.17649e+09 10938
0.25 0 0
0 0 2
5975.87 -5.91711e+09 6128
6217.57 -3.45174e+09 9849
0.5 0 0
0 0 2
5973.24 -3.49963e+09 6107
6216 -2.0585e+09 0
1 0 0
0 0 2
5976 9.36357e+07 0
6216 2.13211e+08 0
2 0 0
0 0 2
5974.15 4.66185e+09 6121
6216 2.67047e+09 0
3 0 0
0 0 2
5974.76 7.03892e+09 6126
6216.88 4.00208e+09 7052
4 0 0
0 0 2
5972.58 8.21166e+09 6130
6213.91 4.84426e+09 7876
8 0 0
0 0 2
5973.92 9.59042e+09 6140
6216.98 5.59921e+09 9781
14 0 0
0 0 2
5974.78 9.61949e+09 6124
6211.36 5.33727e+09 7628
20 0 0
0 0 2
5975.38 9.72928e+09 6117
6213.85 5.43433e+09 10816
-1 0 0
