49
4 0 0
0 0 2
5975.72 3.97049e+08 6129
6215.03 2.2882e+08 7039
0.05 0 0
0 0 2
5973.83 -4.03723e+08 6105
6217.75 -2.38212e+08 8883
0.1 0 0
0 0 2
5975.1 -3.70382e+08 6136
6215.83 -1.99942e+08 10938
0.25 0 0
0 0 2
5975.87 -2.84411e+08 6128
6217.57 -1.6544e+08 9849
0.5 0 0
0 0 2
5973.24 -1.68604e+08 6107
6216 0 0
1 0 0
0 0 2
5976 0 0
6216 0 0
2 0 0
0 0 2
5974.15 2.24482e+08 6121
6216 0 0
3 0 0
0 0 2
5974.76 3.38464e+08 6126
6216.88 1.92225e+08 7052
4 0 0
0 0 2
5972.58 3.95118e+08 6130
6213.91 2.32344e+08 7876
8 0 0
0 0 2
5973.92 4.62087e+08 6140
6216.98 2.6807e+08 9781
14 0 0
0 0 2
5974.78 4.63207e+08 6124
6211.36 2.55891e+08 7628
20 0 0
0 0 2
5975.38 4.67638e+08 6117
6213.85 2.59993e+08 10816
-1 0 0
