61
4 0 0
0 0 3
5499.85 3.33023e+08 8143
10226.3 2.95118e+08 10372
11373.8 2.3113e+08 11473
0.05 0 0
0 0 3
5499 0 0
10226 0 0
11373 0 0
0.1 0 0
0 0 3
5499 0 0
10229.9 -2.25016e+08 10346
11373 0 0
0.25 0 0
0 0 3
5499 0 0
10225 -1.21482e+08 10426
11373 0 0
0.5 0 0
0 0 3
5499 0 0
10229.9 -1.14919e+08 10442
11373 0 0
1 0 0
0 0 3
5499 0 0
10226 0 0
11373 0 0
2 0 0
0 0 3
5501.74 2.14077e+08 5780
10226 0 0
11377.6 1.6334e+08 11809
3 0 0
0 0 3
5499 0 0
10226 0 0
11373 0 0
4 0 0
0 0 3
5499 0 0
10226 0 0
11373 0 0
8 0 0
0 0 3
5499 0 0
10226 0 0
11373 0 0
14 0 0
0 0 3
5494.27 4.10639e+08 8661
10223.1 3.21909e+08 10513
11373 0 0
20 0 0
0 0 3
5499 0 0
10226 0 0
11373 0 0
-1 0 0
