##TITLE= Parameter file, TopSpin 4.0.9
##JCAMPDX= 5.0
##DATATYPE= Parameter Values
##NPOINTS= 9	$$ modification sequence number
##ORIGIN= Bruker BioSpin GmbH & Co. KG
##OWNER= monteg3
$$ 2026-05-12 14:58:33.583 -0400  ramelt2@MacBookPro-TR-work-2.local
$$ /Users/ramelt2/Library/CloudStorage/Box-Box/Montelione-Lab-Box/MPro_NMR_and_MS_data_and_analysis/MPro-Nirmatrelvir_19F-NMR/Mohawk-600-EDTA-Mpro-2026-04/ADF_Nirmat-Mpro_EDTA_288K_2D-19F-EXSY_2026-05-07/20/pdata/1/clevels
$$ process /opt/topspin4.0.9/prog/mod/dataserver
##$LEVELS= (0..255)
-5697031531.2 -4747526276 -3956271896.7 -3296893247.2 -2747411039.3 -2289509199.5
-1907924332.9 -1589936944.1 -1324947453.4 -1104122877.8 -920102398.2 -766751998.5
-638959998.7 -532466665.6 -443722221.3 -369768517.8 -308140431.5 -256783692.9
-213986410.8 -178322009 -148601674.1 -123834728.4 -103195607 -85996339.2
-71663616 -59719680 -49766400 -41472000 -34560000 -28800000 -24000000 -20000000
20000000 24000000 28800000 34560000 41472000 49766400 59719680 71663616
85996339.2 103195607 123834728.4 148601674.1 178322009 213986410.8 256783692.9
308140431.5 369768517.8 443722221.3 532466665.6 638959998.7 766751998.5
920102398.2 1104122877.8 1324947453.4 1589936944.1 1907924332.9 2289509199.5
2747411039.3 3296893247.2 3956271896.7 4747526276 5697031531.2 0 0 0 0
0 0 0 0 0 0 0 0 0 0 0 0 0 0 0 0 0 0 0 0 0 0 0 0 0 0 0 0 0 0 0 0 0 0 0 0
0 0 0 0 0 0 0 0 0 0 0 0 0 0 0 0 0 0 0 0 0 0 0 0 0 0 0 0 0 0 0 0 0 0 0 0
0 0 0 0 0 0 0 0 0 0 0 0 0 0 0 0 0 0 0 0 0 0 0 0 0 0 0 0 0 0 0 0 0 0 0 0
0 0 0 0 0 0 0 0 0 0 0 0 0 0 0 0 0 0 0 0 0 0 0 0 0 0 0 0 0 0 0 0 0 0 0 0
0 0 0 0 0 0 0 0 0 0 0 0 0 0 0 0 0 0 0 0 0 0 0 0 0 0 0 0 0 0 0 0 0 0 0 0
0 0 0 0 0 0 0 0
##$LEVSIGN= 3
##$MAXLEV= 50
##$METHOD= 0
##$NEGBASE= -20000000
##$NEGINCR= 1.2
##$POSBASE= 20000000
##$POSINCR= 1.2
##END=
