##TITLE= Parameter file, TopSpin 4.4.0
##JCAMPDX= 5.0
##DATATYPE= Parameter Values
##NPOINTS= 1	$$ modification sequence number
##ORIGIN= Bruker BioSpin GmbH & Co. KG
##OWNER= monteg3
$$ 2026-01-29 20:13:45.628 -0500  monteg3@mohawk.biotech.rpi.edu
$$ /opt/nmrdata/data/monteg3/ADF_TR_Enselt400-Mpro400_VT_2026-01-29/2051/pdata/1/clevels
$$ process /opt/topspin4.4.0/prog/mod/edparproc
##$LEVELS= (0..255)
-271977107279.556 -151098392933.087 -83943551629.4926 -46635306460.8292
-25908503589.3496 -14393613105.1942 -7996451725.10789 -4442473180.6155
-2468040655.8975 -1371133697.72083 -761740943.17824 -423189412.8768 -235105229.376
-130614016.32 -72563342.4 -40312968 40312968 72563342.4 130614016.32 235105229.376
423189412.8768 761740943.17824 1371133697.72083 2468040655.8975 4442473180.6155
7996451725.10789 14393613105.1942 25908503589.3496 46635306460.8292 83943551629.4926
151098392933.087 271977107279.556 0 0 0 0 0 0 0 0 0 0 0 0 0 0 0 0 0 0 0
0 0 0 0 0 0 0 0 0 0 0 0 0 0 0 0 0 0 0 0 0 0 0 0 0 0 0 0 0 0 0 0 0 0 0 0
0 0 0 0 0 0 0 0 0 0 0 0 0 0 0 0 0 0 0 0 0 0 0 0 0 0 0 0 0 0 0 0 0 0 0 0
0 0 0 0 0 0 0 0 0 0 0 0 0 0 0 0 0 0 0 0 0 0 0 0 0 0 0 0 0 0 0 0 0 0 0 0
0 0 0 0 0 0 0 0 0 0 0 0 0 0 0 0 0 0 0 0 0 0 0 0 0 0 0 0 0 0 0 0 0 0 0 0
0 0 0 0 0 0 0 0 0 0 0 0 0 0 0 0 0 0 0 0 0 0 0 0 0 0 0 0 0 0 0 0 0 0 0 0
0 0 0 0 0 0 0 0 0 0 0 0 0 0 0 0 0 0 0 0 0 0 0 0 0
##$LEVSIGN= 3
##$MAXLEV= 16
##$METHOD= 0
##$NEGBASE= -40312968
##$NEGINCR= 1.8
##$POSBASE= 40312968
##$POSINCR= 1.8
##END=
