61
4 0 0
0 0 3
5499.85 6.74418e+10 8143
10226.3 8.62437e+10 10372
11373.8 6.08186e+10 11473
0.05 0 0
0 0 3
5499 -6.21506e+10 0
10226 -4.96547e+10 0
11373 -4.3487e+10 0
0.1 0 0
0 0 3
5499 -5.92926e+10 0
10229.9 -4.00435e+10 10346
11373 -4.49099e+10 0
0.25 0 0
0 0 3
5499 -4.78236e+10 0
10225 -2.69313e+10 10426
11373 -2.69167e+10 0
0.5 0 0
0 0 3
5499 -2.16677e+10 0
10229.9 -1.33547e+10 10442
11373 -1.55969e+10 0
1 0 0
0 0 3
5499 1.07717e+10 0
10226 5.25039e+09 0
11373 4.55616e+09 0
2 0 0
0 0 3
5501.74 5.23571e+10 5780
10226 4.0077e+10 0
11377.6 3.50387e+10 11809
3 0 0
0 0 3
5499 6.14845e+10 0
10226 6.56171e+10 0
11373 4.91556e+10 0
4 0 0
0 0 3
5499 8.25414e+10 0
10226 7.97832e+10 0
11373 6.61897e+10 0
8 0 0
0 0 3
5499 8.935e+10 0
10226 1.03391e+11 0
11373 8.04086e+10 0
14 0 0
0 0 3
5494.27 9.28664e+10 8661
10223.1 1.06147e+11 10513
11373 8.39007e+10 0
20 0 0
0 0 3
5499 8.67657e+10 0
10226 1.07425e+11 0
11373 8.7151e+10 0
-1 0 0
