##TITLE= Parameter file, TopSpin 4.4.0
##JCAMPDX= 5.0
##DATATYPE= Parameter Values
##NPOINTS= 64	$$ modification sequence number
##ORIGIN= Bruker BioSpin GmbH & Co. KG
##OWNER= monteg3
$$ 2024-11-12 15:52:29.981 -0500  monteg3@mohawk.biotech.rpi.edu
$$ /opt/nmrdata/data/monteg3/RGC_Nirmat-Mpro_in_buffer_2D-19F-noesy/33/pdata/1/clevels
$$ process /opt/topspin4.4.0/prog/mod/dataserver
##$LEVELS= (0..255)
-2629642500 -2191368228.65 -1826140190.55 -1521783492.125 -1268152910.1
-1056794091.75 -880661743.125 -733884785.95 -611570654.95 -509642212.45
-424701843.725 -353918203.1 -294931835.925 -245776529.925 -204813774.95
-170678145.775 -142231788.15 -118526490.125 -98772075.1 -82310062.6 -68591718.825
-57159765.675 -47633138.075 -39694281.725 -33078568.1 -27565473.425 -22971227.85
-19142689.875 -15952241.575 -13293534.625 -11077945.525 -9231621.275 9231621.275
10616364.475 12208819.125 14040142 16146163.3 18568087.8 21353300.975 24556296.125
28239740.55 32475701.625 37347056.85 42949115.4 49391482.7 56800205.1 65320235.875
75118271.25 86386011.95 99343913.725 114245500.8 131382325.9 151089674.8
173753126.025 199816094.925 229788509.15 264256785.525 303895303.35 349479598.85
401901538.7 462186769.5 531514784.925 611242002.65 702928303.05 0 0 0 0
0 0 0 0 0 0 0 0 0 0 0 0 0 0 0 0 0 0 0 0 0 0 0 0 0 0 0 0 0 0 0 0 0 0 0 0
0 0 0 0 0 0 0 0 0 0 0 0 0 0 0 0 0 0 0 0 0 0 0 0 0 0 0 0 0 0 0 0 0 0 0 0
0 0 0 0 0 0 0 0 0 0 0 0 0 0 0 0 0 0 0 0 0 0 0 0 0 0 0 0 0 0 0 0 0 0 0 0
0 0 0 0 0 0 0 0 0 0 0 0 0 0 0 0 0 0 0 0 0 0 0 0 0 0 0 0 0 0 0 0 0 0 0 0
0 0 0 0 0 0 0 0 0 0 0 0 0 0 0 0 0 0 0 0 0 0 0 0 0 0 0 0 0 0 0 0 0 0 0 0
0 0 0 0 0 0 0 0
##$LEVSIGN= 3
##$MAXLEV= 50
##$METHOD= 0
##$NEGBASE= -36926485.1
##$NEGINCR= 1.2
##$POSBASE= 36926485.1
##$POSINCR= 1.15
##END=
